Player: [1] Placed Scene: [Locked] At Coords = vector3(106.3885, -1062.039, 29.60822)
Player: [1] Placed Scene: [ON] At Coords = vector3(107.9607, -1064.021, 29.16349)
Player: [1] Placed Scene: [Kurche] At Coords = vector3(129.4352, -1070.784, 28.19236)
Player: [3] Placed Scene: [Locked] At Coords = vector3(89.28352, 6449.451, 31.35719)
